version https://git-lfs.github.com/spec/v1
oid sha256:bd781cc5dd37b4647419d454c127cfc668f1e9b918c9220f9a169dc197d38cfd
size 142554
